    0.206487266257477721E+06    0.345575190580410045E+07    0.208714756125889892E+03    0.255802764033298899E+03    0.137017638959646942E+00    0.736489915244370792E+02   -0.357740433551606312E+08
    0.209206071115939965E+06    0.345575189984487277E+07    0.209022126245691823E+03    0.257145076474704183E+03    0.124101734842020167E+00    0.897211075039755031E+02   -0.357740433218459859E+08
    0.209420260695455945E+06    0.345575193492240971E+07    0.212361704952321816E+03    0.251700024121717206E+03    0.135003599938797902E+00    0.595531058780436524E+02   -0.357740427083778381E+08
    0.212373015343895764E+06    0.345575193427619245E+07    0.219257262721506208E+03    0.245266326177931717E+03    0.219097077596890955E+00    0.650031003086997003E+02   -0.357740425053660348E+08
    0.210305327267430432E+06    0.345575191660378734E+07    0.212964014971532066E+03    0.252212763490470905E+03    0.144792348844247545E-01    0.550160889486956606E+02   -0.357740422600559965E+08
    0.211023367074755137E+06    0.345575191677043075E+07    0.215914952760472715E+03    0.249018990732844316E+03    0.276876437640342699E+00    0.136434034007371263E+02   -0.357740422162190378E+08
    0.209180441968456580E+06    0.345575192835815577E+07    0.219675110241930327E+03    0.245042433308559055E+03    0.165917252482060351E+00    0.406433171922893806E+02   -0.357740421897351146E+08
    0.211413991601714137E+06    0.345575191913678218E+07    0.220237504086783076E+03    0.248116749857926607E+03    0.106916450791073092E+00    0.447978194116327941E+02   -0.357740420957991779E+08
    0.207333957836128568E+06    0.345575190494932653E+07    0.207996320950065240E+03    0.256435998391543535E+03    0.252752713062555978E+00    0.434766133851176804E+02   -0.357740418426277190E+08
    0.209293595969736110E+06    0.345575190171530982E+07    0.207701928296709696E+03    0.261112446268745430E+03    0.138176012972620249E+00    0.754832857856767419E+02   -0.357740418181420714E+08
    0.209092180629055976E+06    0.345575193127270415E+07    0.216339100932720925E+03    0.249323049244749939E+03    0.179338836384892786E+00    0.253765966770671731E+02   -0.357740414034216329E+08
    0.207483548645999574E+06    0.345575190194482729E+07    0.212942620485378427E+03    0.255406235718853168E+03    0.217689262661715593E+00    0.486743659167529472E+02   -0.357740413276239261E+08
    0.209568232982256945E+06    0.345575192465661932E+07    0.218846299514845782E+03    0.245524157392641058E+03    0.137604409981336218E+00    0.780159207883030348E+02   -0.357740411532260403E+08
    0.214095239354390098E+06    0.345575192118602805E+07    0.217223627090467289E+03    0.251343997598119614E+03    0.286953830320141712E+00    0.833265746056333256E+02   -0.357740411349023953E+08
    0.209858856512175989E+06    0.345575191402029386E+07    0.208802809075119399E+03    0.258800620494713314E+03    0.706357776159953488E-01    0.822198502124280566E+02   -0.357740410337845087E+08
    0.212766396451648063E+06    0.345575190604817960E+07    0.212841785467990007E+03    0.256503477048503441E+03    0.188099155462572831E+00    0.853886144573545067E+02   -0.357740409262117818E+08
    0.207099410803885025E+06    0.345575191377762472E+07    0.207174810566895900E+03    0.257058034816995928E+03    0.161157001230826324E+00    0.377560508698516131E+02   -0.357740407570773140E+08
    0.211771645029064297E+06    0.345575192510636291E+07    0.214114845036419666E+03    0.253181104459729283E+03    0.258365194761472239E+00    0.199309852067779154E+02   -0.357740406431376785E+08
    0.209158851399251405E+06    0.345575192559169885E+07    0.216820941867594627E+03    0.246895180504245786E+03    0.222172912174193882E+00    0.918728315106966846E+02   -0.357740406347893104E+08
    0.205666996317327721E+06    0.345575191752288118E+07    0.213101302457553572E+03    0.252092961438316422E+03    0.183631517828977325E+00    0.439793800341776659E+02   -0.357740406123169288E+08
    0.213798759236392885E+06    0.345575192617209768E+07    0.215549297613475034E+03    0.251468070756025128E+03    0.305207796355303485E+00    0.656394894834801761E+02   -0.357740406083593592E+08
    0.207717987841152615E+06    0.345575192508948827E+07    0.215342580032583442E+03    0.251309913011990858E+03    0.201960548709277127E+00    0.986576664868722446E+02   -0.357740405630640015E+08
    0.213634235156918148E+06    0.345575192219989328E+07    0.214474182014271207E+03    0.254528034488938829E+03    0.246306772706065547E+00    0.387079496956081925E+02   -0.357740405212076083E+08
    0.209468467578053707E+06    0.345575191580853658E+07    0.209045242583698183E+03    0.254803324362385666E+03    0.965700180143638232E-01    0.485221212073587367E+02   -0.357740404483629689E+08
    0.209492119276095153E+06    0.345575190630162181E+07    0.211467766170861751E+03    0.256253435890109017E+03    0.894216900528100184E-01    0.410602150448942140E+02   -0.357740404080363065E+08
    0.207961976325385243E+06    0.345575192513046972E+07    0.217617423630532357E+03    0.251051541913576386E+03    0.279614799531312741E+00    0.642975229498267424E+02   -0.357740402801256329E+08
    0.208955689975542831E+06    0.345575191888002586E+07    0.219507109456008379E+03    0.245924509357711429E+03    0.225400057154815758E+00    0.585689735729220402E+02   -0.357740401227240637E+08
    0.210073859662313858E+06    0.345575192296607979E+07    0.207743075647849651E+03    0.257876072543963687E+03    0.250561872698848664E+00    0.750801342598863499E+02   -0.357740401151339412E+08
    0.211722104908385460E+06    0.345575191505891038E+07    0.212182751474371457E+03    0.253027575868783288E+03    0.835473425712797146E-01    0.622595225133844750E+02   -0.357740400213388726E+08
    0.211028114186970488E+06    0.345575192106945813E+07    0.209460790076210117E+03    0.258326309648688778E+03    0.242709952667831713E+00    0.358653574026065769E+02   -0.357740400125119612E+08
    0.210220865206060524E+06    0.345575190768902237E+07    0.208738559036632182E+03    0.255664166988184945E+03    0.289141690163369713E+00    0.596365258294977849E+02   -0.357740399769660011E+08
    0.209060102385315637E+06    0.345575191789456131E+07    0.207970045623740702E+03    0.258163511981564852E+03    0.267583975555428122E+00    0.299067538860612032E+02   -0.357740399367854968E+08
    0.207763115661473304E+06    0.345575191031560116E+07    0.207887994729215791E+03    0.260211653784910595E+03    0.223207226643922979E+00    0.397229986257835037E+02   -0.357740398651398942E+08
    0.210638925114534708E+06    0.345575191746529983E+07    0.214418433696422426E+03    0.255766348798409240E+03    0.136072426863162732E+00    0.816789626392750989E+02   -0.357740398217882589E+08
    0.209995759225989314E+06    0.345575192515585246E+07    0.219247737946322900E+03    0.246800407620479064E+03    0.295502765529163658E+00    0.389939550150475611E+02   -0.357740394643376172E+08
    0.211487811148137291E+06    0.345575191348113911E+07    0.219201738227993559E+03    0.249882019291190204E+03    0.214845008738388243E+00    0.493415159000635342E+02   -0.357740394475214928E+08
    0.207186704167608113E+06    0.345575192523855343E+07    0.210492831065569874E+03    0.255940526869270599E+03    0.219889134988549312E+00    0.523333251826392356E+02   -0.357740394214929491E+08
    0.210977663313884899E+06    0.345575192529423675E+07    0.217134089118220743E+03    0.248253558299439248E+03    0.252405375499927309E+00    0.271082866048815383E+02   -0.357740394068305269E+08
    0.212585007830462418E+06    0.345575191048225574E+07    0.213134820118795062E+03    0.253632812341594047E+03    0.346004899249686471E+00    0.729261334122423222E+02   -0.357740393942552954E+08
    0.208246262336288288E+06    0.345575191859407537E+07    0.210782620998874222E+03    0.252156259117332866E+03    0.192343232686921883E+00    0.807036052299695825E+02   -0.357740393305020258E+08
    0.210329731089124572E+06    0.345575192891767016E+07    0.215609212573991101E+03    0.251967808289992917E+03    0.199334213677410388E+00    0.773152232844933849E+02   -0.357740392890512198E+08
    0.208317258322664624E+06    0.345575191344332136E+07    0.217514174270451264E+03    0.251248273005401188E+03    0.230866824653876118E+00    0.480659586472989986E+02   -0.357740392778438255E+08
    0.213899847624254122E+06    0.345575192212443566E+07    0.214915524303470363E+03    0.252227500084627877E+03    0.219536173017703728E+00    0.475555144217465724E+02   -0.357740392702918202E+08
    0.208451957046700845E+06    0.345575192461982323E+07    0.209921247963912720E+03    0.257434811642345835E+03    0.282269357881311245E+00    0.642364120472407620E+02   -0.357740392702558190E+08
    0.209927133989008405E+06    0.345575191204265039E+07    0.209838440825210085E+03    0.258609315276775590E+03    0.276511605541729655E+00    0.259968001651131182E+02   -0.357740392263390273E+08
    0.208661260373255442E+06    0.345575190777132334E+07    0.210233375125949976E+03    0.257926138540718057E+03    0.144185034043615240E+00    0.359901736253693443E+02   -0.357740392253481969E+08
    0.211300502366061002E+06    0.345575191190920724E+07    0.216414367389252789E+03    0.251280189497989824E+03    0.110317597645925053E+00    0.690515136328628500E+02   -0.357740392142029628E+08
    0.209756212243299291E+06    0.345575193024596060E+07    0.216575831382476338E+03    0.251041713357677907E+03    0.256576888276919823E+00    0.595714605618739483E+02   -0.357740391658244133E+08
    0.210383115624746948E+06    0.345575191286910465E+07    0.207626301185731791E+03    0.258926832316301670E+03    0.342176777203851534E+00    0.513124247831209672E+02   -0.357740390964260176E+08
    0.210078570609861810E+06    0.345575190596453240E+07    0.212526831430505410E+03    0.253489376625401178E+03    0.294722943607051813E+00    0.695566166734627558E+02   -0.357740390631739348E+08
    0.210078570609861810E+06    0.345575190596453240E+07    0.212526831430505410E+03    0.253489376625401178E+03    0.294722943607051813E+00    0.695566166734627558E+02   -0.357740390631739348E+08
    0.209371089248427859E+06    0.345575192557842471E+07    0.216895483046266065E+03    0.246841071661665865E+03    0.207582913766466426E+00    0.719326000865551123E+02   -0.357740390159219131E+08
    0.212743442788216169E+06    0.345575191037922585E+07    0.211890191753187935E+03    0.257553668380452621E+03    0.309299565312698088E+00    0.500486701027999175E+02   -0.357740390034856275E+08
    0.210870390096961666E+06    0.345575192135915533E+07    0.212030150088196706E+03    0.254002535699935322E+03    0.116447486635714192E+00    0.930576751053285278E+02   -0.357740389152922630E+08
    0.210870390096961666E+06    0.345575192135915533E+07    0.212030150088196706E+03    0.254002535699935322E+03    0.116447486635714192E+00    0.930576751053285278E+02   -0.357740389152922630E+08
    0.209739532780415757E+06    0.345575192373521440E+07    0.214448031862245102E+03    0.253459520331379878E+03    0.406787903100657822E+00    0.569061538236211533E+02   -0.357740388684680462E+08
    0.208710961326416582E+06    0.345575191782575892E+07    0.212560534820454905E+03    0.255431792147735337E+03    0.926476277043196406E-01    0.630669321986401386E+02   -0.357740388661503866E+08
    0.208710961326416582E+06    0.345575191782575892E+07    0.212560534820454905E+03    0.255431792147735337E+03    0.926476277043196406E-01    0.630669321986401386E+02   -0.357740388661503866E+08
    0.207241353960776614E+06    0.345575191142681707E+07    0.208521979120007131E+03    0.257399213790123895E+03    0.193290620261588997E+00    0.820056251804839604E+02   -0.357740388625370413E+08
    0.208388464808852441E+06    0.345575192605543416E+07    0.216295176409194596E+03    0.250712505493071291E+03    0.330748832315382435E+00    0.668562330899133030E+02   -0.357740388579205200E+08
    0.210926859884143225E+06    0.345575191203271970E+07    0.210722031684058379E+03    0.255554583361724951E+03    0.100125395088704966E+00    0.344617978522777477E+02   -0.357740388366053775E+08
    0.212098284257847699E+06    0.345575192067145323E+07    0.211764430571275057E+03    0.252847246564093524E+03    0.289425491610367791E+00    0.410396395647893328E+02   -0.357740387735744715E+08
    0.206689950732391822E+06    0.345575192120616278E+07    0.211643828061249280E+03    0.253448094312268836E+03    0.264622549304063925E+00    0.377753918759287401E+02   -0.357740387725595012E+08
    0.211134317557744565E+06    0.345575192543485248E+07    0.217582826381841073E+03    0.247069437466517513E+03    0.316653927360274312E+00    0.479473635392135193E+02   -0.357740387460251227E+08
    0.211134317557744565E+06    0.345575192543485248E+07    0.217582826381841073E+03    0.247069437466517513E+03    0.316653927360274312E+00    0.479473635392135193E+02   -0.357740387460251227E+08
    0.207919075111672195E+06    0.345575190818842920E+07    0.209110562690096970E+03    0.259042343058099618E+03    0.310037535378052009E+00    0.582614894287398286E+02   -0.357740387262274846E+08
    0.207879979392537469E+06    0.345575192052633734E+07    0.210854759599640914E+03    0.256367927829382666E+03    0.355305077641031697E+00    0.498180267002098844E+02   -0.357740387194647565E+08
    0.207879979392537469E+06    0.345575192052633734E+07    0.210854759599640914E+03    0.256367927829382666E+03    0.355305077641031697E+00    0.498180267002098844E+02   -0.357740387194647565E+08
    0.209201220324978261E+06    0.345575191123864613E+07    0.209130633598968188E+03    0.256536378627210979E+03    0.115880860701634891E+00    0.724158598809501086E+02   -0.357740386483276188E+08
    0.211714237618603540E+06    0.345575192114940519E+07    0.216838674078406513E+03    0.249916037288467805E+03    0.145690880498575592E+00    0.862536119969356321E+02   -0.357740386476103961E+08
    0.210140058463498572E+06    0.345575191058004880E+07    0.212027136566974889E+03    0.254096635670890407E+03    0.396980314518057931E+00    0.586532282311792201E+02   -0.357740386290262118E+08
    0.210140058463498572E+06    0.345575191058004880E+07    0.212027136566974889E+03    0.254096635670890407E+03    0.396980314518057931E+00    0.586532282311792201E+02   -0.357740386290262118E+08
    0.208412965070220642E+06    0.345575191103911074E+07    0.215780890492790434E+03    0.252923487343592512E+03    0.277705421180913903E+00    0.754491217016575888E+02   -0.357740386269375309E+08
    0.208270518224705302E+06    0.345575191670271708E+07    0.208780846563155109E+03    0.254907169248959804E+03    0.168096055456866622E+00    0.579157175797153911E+02   -0.357740386121270508E+08
    0.208513955281310569E+06    0.345575192039802996E+07    0.209684489818851034E+03    0.258108057660290569E+03    0.184213786007630442E+00    0.551908412823914389E+02   -0.357740385932295099E+08
    0.210769675864190533E+06    0.345575191957800183E+07    0.215884074268423120E+03    0.254314383379071728E+03    0.211734039060690910E+00    0.729618671216935155E+02   -0.357740385885084793E+08
    0.210769675864190533E+06    0.345575191957800183E+07    0.215884074268423120E+03    0.254314383379071728E+03    0.211734039060690910E+00    0.729618671216935155E+02   -0.357740385885084793E+08
    0.210914443604544620E+06    0.345575191739650676E+07    0.215264521175431014E+03    0.251186225620305152E+03    0.161169389347396386E+00    0.990272607430393919E+02   -0.357740385819632411E+08
    0.211228069854174188E+06    0.345575191549170762E+07    0.211578648991732905E+03    0.257650056410305183E+03    0.271332449041668478E+00    0.345120074023946799E+02   -0.357740385654831976E+08
    0.211770791797606013E+06    0.345575191928776447E+07    0.213348588318927455E+03    0.255513167206465738E+03    0.163076061713159970E+00    0.359983260883062357E+02   -0.357740385615289509E+08
    0.213042277310429286E+06    0.345575192430907208E+07    0.214003911185227423E+03    0.251538339742886706E+03    0.278631490125654968E+00    0.697127696416817173E+02   -0.357740385392605513E+08
    0.209911909444885998E+06    0.345575191442339029E+07    0.211024570428707676E+03    0.258504583177809593E+03    0.308921152358039408E+00    0.426955777660082845E+02   -0.357740384965880513E+08
    0.209911909444885998E+06    0.345575191442339029E+07    0.211024570428707676E+03    0.258504583177809593E+03    0.308921152358039408E+00    0.426955777660082845E+02   -0.357740384965880513E+08
    0.212871243131477619E+06    0.345575191418535635E+07    0.212580547541821375E+03    0.254248353514831507E+03    0.356664560829952682E+00    0.562666436752500587E+02   -0.357740384659263268E+08
    0.212975638147426944E+06    0.345575192278630147E+07    0.217640747350119796E+03    0.249975114717361720E+03    0.198320468455478210E+00    0.556742411839256164E+02   -0.357740384565824121E+08
    0.212975638147426944E+06    0.345575192278630147E+07    0.217640747350119796E+03    0.249975114717361720E+03    0.198320468455478210E+00    0.556742411839256164E+02   -0.357740384565824121E+08
    0.208240500298100436E+06    0.345575191815033369E+07    0.215106832908042264E+03    0.253000690407066458E+03    0.377751526599092946E+00    0.572318660959839249E+02   -0.357740383952009454E+08
    0.209856280862435495E+06    0.345575191913578101E+07    0.209711507662970519E+03    0.256886820914546774E+03    0.119076000007477811E+00    0.580743962044577344E+02   -0.357740383779183403E+08
    0.210068761774421786E+06    0.345575192079655733E+07    0.216428088159800836E+03    0.251149709982859576E+03    0.275194296360617430E+00    0.273386857025775960E+02   -0.357740383733747378E+08
    0.209718034930595371E+06    0.345575192487509409E+07    0.215247548476372401E+03    0.252269182001856393E+03    0.131710195778674932E+00    0.494847170961246476E+02   -0.357740383331109062E+08
    0.209718034930595371E+06    0.345575192487509409E+07    0.215247548476372401E+03    0.252269182001856393E+03    0.131710195778674932E+00    0.494847170961246476E+02   -0.357740383331109062E+08
    0.209004222363376699E+06    0.345575192309320532E+07    0.211257642933379373E+03    0.253069390717212798E+03    0.343562117737009398E+00    0.428634973636575722E+02   -0.357740383283817694E+08
    0.209525945622394851E+06    0.345575191065930901E+07    0.207588744698832613E+03    0.258037478095819665E+03    0.180348261448304986E+00    0.507777871144838642E+02   -0.357740383211489767E+08
    0.209525945622394851E+06    0.345575191065930901E+07    0.207588744698832613E+03    0.258037478095819665E+03    0.180348261448304986E+00    0.507777871144838642E+02   -0.357740383211489767E+08
    0.210281081688120321E+06    0.345575191506793769E+07    0.216252952001424859E+03    0.251725212772932423E+03    0.155543495791246433E+00    0.296431150528471647E+02   -0.357740382865471169E+08
    0.210267914440665219E+06    0.345575191154576931E+07    0.217665709653482168E+03    0.249932277439407471E+03    0.226437961514396130E+00    0.688615924291773922E+02   -0.357740382618796155E+08
    0.210879807899513136E+06    0.345575191311287181E+07    0.209176302968979229E+03    0.255554581472828716E+03    0.173821277451679967E+00    0.477303179613437791E+02   -0.357740382617345676E+08
    0.210879807899513136E+06    0.345575191311287181E+07    0.209176302968979229E+03    0.255554581472828716E+03    0.173821277451679967E+00    0.477303179613437791E+02   -0.357740382617345676E+08
    0.208992686439540645E+06    0.345575190697204415E+07    0.212442094146559526E+03    0.255676173217635579E+03    0.182919606117246170E+00    0.765770370242905614E+02   -0.357740382119610310E+08
    0.208992686439540645E+06    0.345575190697204415E+07    0.212442094146559526E+03    0.255676173217635579E+03    0.182919606117246170E+00    0.765770370242905614E+02   -0.357740382119610310E+08
    0.207609262113108067E+06    0.345575192626748467E+07    0.212068712880102026E+03    0.252839004294699862E+03    0.263269311956839003E+00    0.582850956890869725E+02   -0.357740381897293851E+08
    0.211520463623286458E+06    0.345575191470637918E+07    0.214457583535337221E+03    0.252632775363323049E+03    0.104011609796483356E+00    0.670724179521242263E+02   -0.357740381544793174E+08
    0.211520463623286458E+06    0.345575191470637918E+07    0.214457583535337221E+03    0.252632775363323049E+03    0.104011609796483356E+00    0.670724179521242263E+02   -0.357740381544793174E+08
    0.208368963721340755E+06    0.345575191810609633E+07    0.217603550187669015E+03    0.250426872740209262E+03    0.243635093775653927E+00    0.630105480927140391E+02   -0.357740381386471465E+08
    0.207621017824611015E+06    0.345575191797031742E+07    0.214441246637805421E+03    0.252213178844388153E+03    0.368310816893271387E+00    0.548899346806866220E+02   -0.357740381130192876E+08
    0.209929055119969300E+06    0.345575191729205567E+07    0.213008888782455614E+03    0.255273756026238772E+03    0.101307357896857048E+00    0.649011486889776847E+02   -0.357740381120500565E+08
    0.210061862860223890E+06    0.345575192200989556E+07    0.215534628996617300E+03    0.247827966512658577E+03    0.233035970489173017E+00    0.653206005525885729E+02   -0.357740380978244543E+08
    0.210061862860223890E+06    0.345575192200989556E+07    0.215534628996617300E+03    0.247827966512658577E+03    0.233035970489173017E+00    0.653206005525885729E+02   -0.357740380978244543E+08
    0.209329771837287961E+06    0.345575192948135873E+07    0.212911400493317132E+03    0.251636988209860704E+03    0.242661193531830133E+00    0.561937286577774344E+02   -0.357740380968059450E+08
    0.207845406539272255E+06    0.345575191170391766E+07    0.209797362097284577E+03    0.258955570839217330E+03    0.205778929781253839E+00    0.554419632184221030E+02   -0.357740380688764453E+08
    0.208247285881186079E+06    0.345575191073765839E+07    0.209171273962479006E+03    0.257155956021727036E+03    0.141261237814152618E+00    0.666514226511692272E+02   -0.357740380341385230E+08
    0.210311805289720331E+06    0.345575190801550169E+07    0.211054295355550579E+03    0.255871221571520238E+03    0.236369024577791353E+00    0.333358910490182083E+02   -0.357740380158335343E+08
    0.210311805289720331E+06    0.345575190801550169E+07    0.211054295355550579E+03    0.255871221571520238E+03    0.236369024577791353E+00    0.333358910490182083E+02   -0.357740380158335343E+08
    0.208618724809396255E+06    0.345575192336199479E+07    0.216693621299803425E+03    0.250373726887176076E+03    0.348844608045274951E+00    0.515325023203901438E+02   -0.357740379795476571E+08
    0.209719120645497664E+06    0.345575191322370386E+07    0.211642352038498018E+03    0.256555111694860386E+03    0.291603634101022524E+00    0.904410856308589217E+02   -0.357740378889256641E+08
    0.210174139532030560E+06    0.345575191231117630E+07    0.212886389661226474E+03    0.253205655142654905E+03    0.118994114384275762E+00    0.351159568438187151E+02   -0.357740378720412180E+08
    0.211859210466564546E+06    0.345575190732272388E+07    0.212358954107039722E+03    0.256220508399380606E+03    0.215914676642430609E+00    0.671049029572428282E+02   -0.357740378499438688E+08
    0.211859210466564546E+06    0.345575190732272388E+07    0.212358954107039722E+03    0.256220508399380606E+03    0.215914676642430609E+00    0.671049029572428282E+02   -0.357740378499438688E+08
    0.212397057611919125E+06    0.345575191471922491E+07    0.210997962340473094E+03    0.256784370354468479E+03    0.203611248236873460E+00    0.771338346454687240E+02   -0.357740378308961615E+08
    0.212397057611919125E+06    0.345575191471922491E+07    0.210997962340473094E+03    0.256784370354468479E+03    0.203611248236873460E+00    0.771338346454687240E+02   -0.357740378308961615E+08
    0.211824047325239808E+06    0.345575192449867632E+07    0.213353231439603832E+03    0.252342743953295155E+03    0.259930864637963333E+00    0.820698916605489330E+02   -0.357740378185441568E+08
    0.210325576750333916E+06    0.345575192299720738E+07    0.214424432091006366E+03    0.252630282169395798E+03    0.117362761804998383E+00    0.745345818075657860E+02   -0.357740378147220537E+08
    0.209123293032135436E+06    0.345575191925715934E+07    0.215726642511756495E+03    0.248915373738250764E+03    0.290323198506098001E+00    0.414903093722970695E+02   -0.357740377925420403E+08
    0.211669645114511222E+06    0.345575192498295987E+07    0.216575289849733679E+03    0.249336580524089868E+03    0.326118884920154617E+00    0.473764073645451518E+02   -0.357740377673409507E+08
    0.211669645114511222E+06    0.345575192498295987E+07    0.216575289849733679E+03    0.249336580524089868E+03    0.326118884920154617E+00    0.473764073645451518E+02   -0.357740377673409507E+08
    0.209899223745789641E+06    0.345575191724034911E+07    0.216048731586689712E+03    0.251091932139104756E+03    0.173474875042980869E+00    0.294199742847565489E+02   -0.357740377611195445E+08
    0.209899223745789641E+06    0.345575191724034911E+07    0.216048731586689712E+03    0.251091932139104756E+03    0.173474875042980869E+00    0.294199742847565489E+02   -0.357740377611195445E+08
    0.207773741954176803E+06    0.345575192144412873E+07    0.214753422797332405E+03    0.253000741083124922E+03    0.320603889901884376E+00    0.657538933091621374E+02   -0.357740377296779826E+08
    0.207773741954176803E+06    0.345575192144412873E+07    0.214753422797332405E+03    0.253000741083124922E+03    0.320603889901884376E+00    0.657538933091621374E+02   -0.357740377296779826E+08
    0.209448062939558440E+06    0.345575191607875424E+07    0.214933100320861570E+03    0.253936137384554797E+03    0.364841949250515052E+00    0.691544767333400614E+02   -0.357740377273934782E+08
    0.207205580771706533E+06    0.345575192189780297E+07    0.213071582869044050E+03    0.253934106922558158E+03    0.224473656913222241E+00    0.480532321726512350E+02   -0.357740376865386888E+08
    0.207205580771706533E+06    0.345575192189780297E+07    0.213071582869044050E+03    0.253934106922558158E+03    0.224473656913222241E+00    0.480532321726512350E+02   -0.357740376865386888E+08
    0.208154791618605814E+06    0.345575191435324121E+07    0.216242391252723735E+03    0.252034702735744247E+03    0.272743832450404844E+00    0.646292909352829241E+02   -0.357740376722645462E+08
    0.208154791618605814E+06    0.345575191435324121E+07    0.216242391252723735E+03    0.252034702735744247E+03    0.272743832450404844E+00    0.646292909352829241E+02   -0.357740376722645462E+08
    0.208945981424242695E+06    0.345575191601271927E+07    0.210955808831344996E+03    0.254066097375207846E+03    0.281867688027342078E+00    0.868634471687460064E+02   -0.357740376715230271E+08
    0.208290900297759392E+06    0.345575191730933450E+07    0.209257937346829380E+03    0.256325350603467882E+03    0.223415163572160708E+00    0.837278528586616773E+02   -0.357740376675062403E+08
    0.211370009834871336E+06    0.345575191640529735E+07    0.215190359778368673E+03    0.252631791484670600E+03    0.348022224042626172E+00    0.403369435796491018E+02   -0.357740376673842371E+08
    0.208511599809490581E+06    0.345575191569042392E+07    0.212194449296245011E+03    0.253452074048535650E+03    0.118527922535136887E+00    0.451866827140067073E+02   -0.357740376590821818E+08
    0.206814922248628340E+06    0.345575191321343649E+07    0.208983145374458218E+03    0.256758025254002575E+03    0.254141619867508717E+00    0.564191308244617531E+02   -0.357740376567101404E+08
    0.209627254304388189E+06    0.345575192358980002E+07    0.216705856860614631E+03    0.247362468517181810E+03    0.278408305044849369E+00    0.647777262854160938E+02   -0.357740376216799915E+08
    0.209627254304388189E+06    0.345575192358980002E+07    0.216705856860614631E+03    0.247362468517181810E+03    0.278408305044849369E+00    0.647777262854160938E+02   -0.357740376216799915E+08
    0.210978576779969560E+06    0.345575192618009262E+07    0.213034583930407507E+03    0.252950971289621179E+03    0.200259449330440514E+00    0.653428589565508844E+02   -0.357740376158564612E+08
    0.210978576779969560E+06    0.345575192618009262E+07    0.213034583930407507E+03    0.252950971289621179E+03    0.200259449330440514E+00    0.653428589565508844E+02   -0.357740376158564612E+08
    0.211694108413125039E+06    0.345575191922263289E+07    0.218290988455021392E+03    0.248880607832021781E+03    0.214881877356687845E+00    0.669222588197140169E+02   -0.357740375854112953E+08
    0.212513924549368356E+06    0.345575192122053029E+07    0.216398121418597924E+03    0.250057482559075822E+03    0.189524702965635228E+00    0.682670239069939839E+02   -0.357740375850408003E+08
    0.212513924549368356E+06    0.345575192122053029E+07    0.216398121418597924E+03    0.250057482559075822E+03    0.189524702965635228E+00    0.682670239069939839E+02   -0.357740375850408003E+08
    0.209037115202776709E+06    0.345575192480016546E+07    0.212001534712223815E+03    0.251985021272065921E+03    0.176451436684051638E+00    0.694292584741734515E+02   -0.357740375824769065E+08
    0.210284759849401016E+06    0.345575191458889889E+07    0.208542852237433351E+03    0.256194758611501982E+03    0.203862059683340952E+00    0.620691376263271550E+02   -0.357740375501330495E+08
    0.210713891656187305E+06    0.345575192173241079E+07    0.212670882408202090E+03    0.253063244216111258E+03    0.327808580793104154E+00    0.376442741629086157E+02   -0.357740375205682367E+08
    0.210525264127064554E+06    0.345575191184857255E+07    0.209891445202725549E+03    0.257902692221803591E+03    0.134867764779421945E+00    0.604413319265670310E+02   -0.357740374900163114E+08
    0.210305681432685029E+06    0.345575191814066609E+07    0.210120945745067672E+03    0.256054823149545996E+03    0.272690731182344825E+00    0.348260637866114635E+02   -0.357740374699349925E+08
    0.210263180478814233E+06    0.345575192019460071E+07    0.213256946583079497E+03    0.253563832091376270E+03    0.105854812072472465E+00    0.607597634017291881E+02   -0.357740374618372247E+08
    0.209881085344250518E+06    0.345575191683481075E+07    0.214817865812918370E+03    0.254645221813664079E+03    0.335255392946643971E+00    0.524591449557834508E+02   -0.357740374482385591E+08
    0.207495190622426599E+06    0.345575192118584272E+07    0.214138755371651058E+03    0.252207140939458441E+03    0.170083646030139479E+00    0.592352430659409066E+02   -0.357740374479570985E+08
    0.209032388308194611E+06    0.345575192336898204E+07    0.216780227402522598E+03    0.251117334468403158E+03    0.199074104622999570E+00    0.617740801424167074E+02   -0.357740374464601129E+08
    0.210377509674518282E+06    0.345575191073523043E+07    0.215144305401475890E+03    0.251021163851244012E+03    0.233733865424498505E+00    0.696078305469201268E+02   -0.357740374219827577E+08
    0.210377509674518282E+06    0.345575191073523043E+07    0.215144305401475890E+03    0.251021163851244012E+03    0.233733865424498505E+00    0.696078305469201268E+02   -0.357740374219827577E+08
    0.209901052142803906E+06    0.345575192367410380E+07    0.211928397059363931E+03    0.255957670074327666E+03    0.294757973501690862E+00    0.519038361587657064E+02   -0.357740373906683996E+08
    0.210582452847183478E+06    0.345575191109946603E+07    0.208786899116493714E+03    0.257903227961213815E+03    0.207246850075090722E+00    0.742650229187297981E+02   -0.357740373610615432E+08
    0.210973371351577109E+06    0.345575191854711017E+07    0.214667855855436585E+03    0.250388306854334388E+03    0.327321972511192105E+00    0.453030392840456884E+02   -0.357740373302253038E+08
    0.208144692910049576E+06    0.345575191884097829E+07    0.214596313706458744E+03    0.252225376638401912E+03    0.252910922930951965E+00    0.847124934943249599E+02   -0.357740373241871521E+08
    0.209653067165817163E+06    0.345575191621800791E+07    0.211378957109381247E+03    0.258070069983330427E+03    0.263187303510303783E+00    0.585997235524763553E+02   -0.357740373107598051E+08
    0.210961237396258395E+06    0.345575191725086886E+07    0.217099574928214849E+03    0.248683326917166397E+03    0.283469908807298276E+00    0.507496652921512350E+02   -0.357740372755423784E+08
    0.210471225032243528E+06    0.345575191113054194E+07    0.212917169505088793E+03    0.254010321767092933E+03    0.183340849820926965E+00    0.307989271928302877E+02   -0.357740372620820925E+08
    0.210471225032243528E+06    0.345575191113054194E+07    0.212917169505088793E+03    0.254010321767092933E+03    0.183340849820926965E+00    0.307989271928302877E+02   -0.357740372620820925E+08
    0.211800845250454644E+06    0.345575191869878769E+07    0.217870707070009871E+03    0.249531435179648952E+03    0.213080713925907966E+00    0.623690821107376578E+02   -0.357740372584328279E+08
    0.212371495765505621E+06    0.345575191366571421E+07    0.215044265111919486E+03    0.253721039032200849E+03    0.330035635888129675E+00    0.555739056577323893E+02   -0.357740372491972297E+08
    0.211160322046266461E+06    0.345575191593358200E+07    0.216098753945815474E+03    0.251655449686030607E+03    0.179091302691440246E+00    0.376713988825271997E+02   -0.357740372297811285E+08
    0.211294153227849718E+06    0.345575190767247183E+07    0.211373512580578392E+03    0.255786191479690586E+03    0.266582882735531712E+00    0.615960708850612448E+02   -0.357740372161196694E+08
    0.210417346560506907E+06    0.345575191448639520E+07    0.209401822422045029E+03    0.257797414573553510E+03    0.155377879125533441E+00    0.571344734473537201E+02   -0.357740372128460333E+08
    0.208835216904262139E+06    0.345575191343041090E+07    0.215237508991815844E+03    0.253661308885799258E+03    0.324783755221513482E+00    0.614388780496420921E+02   -0.357740371855623275E+08
    0.210616678853633290E+06    0.345575191214381997E+07    0.214089765240935151E+03    0.252782623519624565E+03    0.369804486943229427E+00    0.501154868823143929E+02   -0.357740371693508625E+08
    0.211258895723747119E+06    0.345575192057339009E+07    0.211754695329450414E+03    0.255381773718958300E+03    0.184218536463327726E+00    0.792238919227717275E+02   -0.357740371569802463E+08
    0.210875744147069781E+06    0.345575191839760728E+07    0.215299134401083563E+03    0.253656556027026625E+03    0.160997041513415790E+00    0.590927128751568631E+02   -0.357740371561139002E+08
    0.209408182840747293E+06    0.345575191523905518E+07    0.211156929579838049E+03    0.253023572600562233E+03    0.180666202863438985E+00    0.681172368403187534E+02   -0.357740371468765810E+08
    0.209325024312238529E+06    0.345575192304196721E+07    0.209643015951334007E+03    0.255240550594163892E+03    0.271344664066599517E+00    0.637494010463078737E+02   -0.357740371288694814E+08
    0.207055042462751182E+06    0.345575192003703443E+07    0.213691622847430438E+03    0.251710536530241001E+03    0.240375571916883080E+00    0.582805678878949678E+02   -0.357740371249514595E+08
    0.210727932926102250E+06    0.345575191938888049E+07    0.217343198568847924E+03    0.250694241770236090E+03    0.196373042727091968E+00    0.733166854753120276E+02   -0.357740371246274784E+08
    0.210226151035137824E+06    0.345575190906034783E+07    0.212662716789674221E+03    0.253515483285521071E+03    0.223117188968497832E+00    0.475755002257900372E+02   -0.357740370912780985E+08
    0.208249725520693202E+06    0.345575191525928583E+07    0.215218998012439300E+03    0.251783924336002428E+03    0.189037038333551594E+00    0.482662361346644815E+02   -0.357740370599735007E+08
    0.208598888498856191E+06    0.345575192203783756E+07    0.216640627597300124E+03    0.250043499621496778E+03    0.204984589109643733E+00    0.673457910244474647E+02   -0.357740370240415111E+08
    0.210378865907999687E+06    0.345575192440068070E+07    0.217501774229936814E+03    0.249023444504679560E+03    0.271066918372618093E+00    0.459142369350655883E+02   -0.357740369916790426E+08
    0.209237724240551441E+06    0.345575191435406450E+07    0.213737015585411513E+03    0.251615262383048105E+03    0.185063102154770343E+00    0.794741155904132057E+02   -0.357740369631989375E+08
    0.211733284067631816E+06    0.345575191603251081E+07    0.213582362131231207E+03    0.254433325706774724E+03    0.148182168671917580E+00    0.679586573892611057E+02   -0.357740369581694230E+08
    0.209511261564845045E+06    0.345575191755709006E+07    0.213375271349565651E+03    0.251152348031258839E+03    0.246153198637728693E+00    0.385927326463703722E+02   -0.357740369398721606E+08
    0.210704202516776713E+06    0.345575192372195888E+07    0.212078491599112994E+03    0.254202894736828938E+03    0.328169539872488314E+00    0.509785397695801592E+02   -0.357740369265920073E+08
    0.208318396124721592E+06    0.345575191068034247E+07    0.211984663841889187E+03    0.256837590418986451E+03    0.251447672964507984E+00    0.547319245960083833E+02   -0.357740369016796872E+08
    0.209367858599113242E+06    0.345575191518110316E+07    0.209931284509141562E+03    0.255202330851358028E+03    0.176321715362588893E+00    0.756133572165539221E+02   -0.357740368574471772E+08
    0.208214814314802090E+06    0.345575192239254247E+07    0.215958315368685021E+03    0.250205512995537902E+03    0.260968460862365026E+00    0.711666828703258716E+02   -0.357740368485157415E+08
    0.210442962431348249E+06    0.345575191416343022E+07    0.210633117408695909E+03    0.255975250102466646E+03    0.137992558121828063E+00    0.494860900142053026E+02   -0.357740368348550797E+08
    0.209229053814246028E+06    0.345575191728612827E+07    0.215758386233965723E+03    0.250217500839858900E+03    0.287659799284261330E+00    0.425633598647025053E+02   -0.357740368267746866E+08
    0.209803001828789245E+06    0.345575192198788561E+07    0.213051123154230226E+03    0.255342013922994681E+03    0.309663513476237662E+00    0.630997413746181479E+02   -0.357740367942523137E+08
    0.210177742939417512E+06    0.345575191811562795E+07    0.210750537786725090E+03    0.256318364267715083E+03    0.170262946923427971E+00    0.426642815494943548E+02   -0.357740367855222002E+08
    0.211784943237133033E+06    0.345575192371141491E+07    0.214056642728988322E+03    0.251278922655187642E+03    0.305475364308863684E+00    0.624247159566999983E+02   -0.357740367798252255E+08
    0.210940086760742473E+06    0.345575192368369410E+07    0.214080358544514382E+03    0.252416180205207411E+03    0.240973303374764719E+00    0.837163785159976896E+02   -0.357740367552029788E+08
    0.208836282456153189E+06    0.345575191453485936E+07    0.211495248508037719E+03    0.257585853137926790E+03    0.242006307359291767E+00    0.563800082490917731E+02   -0.357740367374526486E+08
    0.209433159407227591E+06    0.345575192403559526E+07    0.215701823445531630E+03    0.249348365203265587E+03    0.281975613859617613E+00    0.453984929114224300E+02   -0.357740367038246393E+08
    0.210354095395822776E+06    0.345575192022844311E+07    0.215909530892164298E+03    0.252802346326399288E+03    0.205451555736185287E+00    0.690936854450210376E+02   -0.357740366725358665E+08
    0.207278799343248742E+06    0.345575191608492984E+07    0.212795423511022932E+03    0.253212345008613539E+03    0.279136225251863934E+00    0.648745761530443161E+02   -0.357740366444121376E+08
    0.209233084935928724E+06    0.345575192327486258E+07    0.211219464942910690E+03    0.254140444361937568E+03    0.291890856816771627E+00    0.466457176279599395E+02   -0.357740366248186901E+08
    0.209311608757030277E+06    0.345575192522162991E+07    0.215411874878283584E+03    0.251133444107307326E+03    0.221869684703359937E+00    0.726979830313999997E+02   -0.357740366192289144E+08
    0.209372426155800204E+06    0.345575192433166178E+07    0.213383070232966645E+03    0.251461285222303189E+03    0.173172826654877099E+00    0.654246745662195650E+02   -0.357740366146397293E+08
    0.209372426155800204E+06    0.345575192433166178E+07    0.213383070232966645E+03    0.251461285222303189E+03    0.173172826654877099E+00    0.654246745662195650E+02   -0.357740366146397293E+08
    0.208117877238783782E+06    0.345575192255342659E+07    0.214672156549451813E+03    0.250499148487787608E+03    0.306041953809498612E+00    0.622787968940878969E+02   -0.357740366079004109E+08
    0.208927141896910936E+06    0.345575191615998652E+07    0.212800844221190772E+03    0.256295464615402125E+03    0.228525525612872427E+00    0.567553514487697655E+02   -0.357740366072865501E+08
    0.209614983604030596E+06    0.345575191737994598E+07    0.214302198262838914E+03    0.250546134002582420E+03    0.268367467429365736E+00    0.438200068720567941E+02   -0.357740365774090588E+08
    0.209034141244785133E+06    0.345575191877401108E+07    0.213869532900627064E+03    0.251895178361346694E+03    0.237098030765040935E+00    0.854873895852209671E+02   -0.357740365700873509E+08
    0.209479406339703331E+06    0.345575192305606138E+07    0.213830955109115422E+03    0.253498617729194621E+03    0.240989825760945853E+00    0.394728850808124889E+02   -0.357740365653363317E+08
    0.211178468907098606E+06    0.345575192318802280E+07    0.216795254116807371E+03    0.251273570938538057E+03    0.243947549025926108E+00    0.578359104789668237E+02   -0.357740365388921499E+08
    0.209197181208500202E+06    0.345575191804371634E+07    0.213325482514056802E+03    0.252843240838070130E+03    0.134990800801838201E+00    0.653260141539203687E+02   -0.357740365387595221E+08
    0.212073517403985141E+06    0.345575191825551493E+07    0.212357099455760277E+03    0.253668969541944392E+03    0.219631107905264744E+00    0.509008791846186952E+02   -0.357740365312855765E+08
    0.210090826352376404E+06    0.345575191276760213E+07    0.212383822451928609E+03    0.255434080295733111E+03    0.255273691615356124E+00    0.871262198482200745E+02   -0.357740365167472288E+08
    0.208507596473915910E+06    0.345575192127692141E+07    0.215810372105917480E+03    0.250921622633318435E+03    0.212118359001249618E+00    0.679712146220699793E+02   -0.357740365160699785E+08
    0.209355004995301017E+06    0.345575191578957392E+07    0.210181372517612232E+03    0.254710329916479537E+03    0.315270187701922222E+00    0.572845783227239025E+02   -0.357740364986899719E+08
    0.210776978488701163E+06    0.345575192398292525E+07    0.214026801489815682E+03    0.252715349129607262E+03    0.269143068948790976E+00    0.411476045892516140E+02   -0.357740364827557206E+08
    0.209625438055529870E+06    0.345575191922557307E+07    0.216099329336395897E+03    0.251929549084833297E+03    0.193236744205141864E+00    0.523402142618847037E+02   -0.357740364817131758E+08
    0.211331642839241540E+06    0.345575191694574850E+07    0.213674941605932844E+03    0.252233871318745344E+03    0.316150775119057703E+00    0.468150358214233790E+02   -0.357740364688358307E+08
    0.210535443979140458E+06    0.345575191845504288E+07    0.211178365094616112E+03    0.256033698570172135E+03    0.279006482782625520E+00    0.419130470936162567E+02   -0.357740364679118618E+08
    0.211715733390979934E+06    0.345575192197127175E+07    0.214826507791090677E+03    0.253132770337598487E+03    0.230236929148286834E+00    0.714887432599499704E+02   -0.357740364677152112E+08
    0.207484315689490788E+06    0.345575191190348426E+07    0.211735553090402391E+03    0.254597280938694382E+03    0.269759451484246293E+00    0.651036603927213804E+02   -0.357740364571469948E+08
    0.209114880435983214E+06    0.345575192084228760E+07    0.215569333043656684E+03    0.250791634641228484E+03    0.315502523544506253E+00    0.732013758557410483E+02   -0.357740364418140426E+08
    0.211317325320974662E+06    0.345575191354168113E+07    0.212088120823926289E+03    0.255724753480377757E+03    0.206811013480878714E+00    0.378836876178818898E+02   -0.357740364114928097E+08
    0.212171501311279746E+06    0.345575191425777832E+07    0.213534418914823192E+03    0.254518606150784393E+03    0.220668307859483576E+00    0.734330199066822900E+02   -0.357740364033812508E+08
    0.211578285274908063E+06    0.345575191301386245E+07    0.212499672531451267E+03    0.255250248611432767E+03    0.269313748974154499E+00    0.794767970039540756E+02   -0.357740363890651390E+08
    0.212402755747993506E+06    0.345575191448418936E+07    0.212999595692241570E+03    0.254706852116003120E+03    0.208255262617952186E+00    0.582938415837247703E+02   -0.357740363806213364E+08
    0.211497349642031593E+06    0.345575191693877149E+07    0.214713073741741425E+03    0.250964872019899985E+03    0.219449568130999306E+00    0.506554890988148969E+02   -0.357740363600696549E+08
    0.210607015156475682E+06    0.345575192413696600E+07    0.216136842958761576E+03    0.250753951105484020E+03    0.298120896161708226E+00    0.491849377588689904E+02   -0.357740363296900615E+08
    0.210633619852408476E+06    0.345575191417215345E+07    0.211780320196671596E+03    0.256277643830145337E+03    0.159511135014131056E+00    0.691667565810572711E+02   -0.357740363159312159E+08
    0.208891772027601721E+06    0.345575191695834277E+07    0.209506400766264960E+03    0.257011708210502434E+03    0.212785367295867556E+00    0.674798136735721812E+02   -0.357740363028892800E+08
    0.208937122488396970E+06    0.345575191676665004E+07    0.211950903166967123E+03    0.256205275749372277E+03    0.310095840184003491E+00    0.529458041894675091E+02   -0.357740363016167432E+08
    0.210705581151392602E+06    0.345575192241166066E+07    0.213823501835266399E+03    0.252975662245525143E+03    0.178037344515799889E+00    0.753618994733180614E+02   -0.357740362918475643E+08
    0.209601618885605887E+06    0.345575192444404820E+07    0.212545257880445405E+03    0.252093202967616548E+03    0.244452831653409280E+00    0.491239613283574599E+02   -0.357740362793891132E+08
    0.208697727056598640E+06    0.345575191111745918E+07    0.212384280381518806E+03    0.253739033662862596E+03    0.219512667096510711E+00    0.476829047928559788E+02   -0.357740362634821236E+08
    0.210851518057146750E+06    0.345575191196279041E+07    0.214189041764834940E+03    0.252149131804562302E+03    0.296281258982175388E+00    0.494914130951976716E+02   -0.357740362470905408E+08
    0.209846071712928620E+06    0.345575191564639146E+07    0.210778236733705000E+03    0.254965166094402264E+03    0.293883565657367563E+00    0.763531847092142613E+02   -0.357740362432542294E+08
    0.211032759111090185E+06    0.345575191251267260E+07    0.213825037191893443E+03    0.252648685448628328E+03    0.170396668332360141E+00    0.575843493876397687E+02   -0.357740362378246561E+08
    0.211309110190255975E+06    0.345575191528802505E+07    0.211128725560368082E+03    0.256267450948439205E+03    0.254994170266286291E+00    0.751106084085990773E+02   -0.357740362278870270E+08
    0.208063410503206222E+06    0.345575191359010385E+07    0.214048725628099874E+03    0.252789984978244149E+03    0.218595718437336994E+00    0.600174770117068732E+02   -0.357740361799789369E+08
    0.208506121987941180E+06    0.345575191419896949E+07    0.209152619263271220E+03    0.257035143488993072E+03    0.220960218854315271E+00    0.644200947012715517E+02   -0.357740361703619957E+08
    0.207894082144887681E+06    0.345575191306294641E+07    0.211343207201833735E+03    0.255664170348953377E+03    0.188604152348947951E+00    0.604644392648401805E+02   -0.357740361610456482E+08
    0.209005410675210820E+06    0.345575191699218471E+07    0.214699329691278848E+03    0.253942667491579471E+03    0.236895375627251464E+00    0.595690434912305804E+02   -0.357740361457185969E+08
    0.209567439091615874E+06    0.345575191899382323E+07    0.210880543221245489E+03    0.256389493412217064E+03    0.229766652247043957E+00    0.737761342970771068E+02   -0.357740361433362514E+08
    0.209373097109767579E+06    0.345575191625948995E+07    0.214432889846147702E+03    0.252170034080646644E+03    0.346808043321997994E+00    0.612544587790646489E+02   -0.357740360846468881E+08
    0.211821613384169032E+06    0.345575192025166284E+07    0.214027758701385494E+03    0.252027320236988544E+03    0.210467889256357787E+00    0.547689236264867745E+02   -0.357740360791358873E+08
    0.210477762651670317E+06    0.345575191746980697E+07    0.212419401447646635E+03    0.254716055321355583E+03    0.165605651879870697E+00    0.449589717108322162E+02   -0.357740360592992902E+08
    0.208572895389774640E+06    0.345575191483024275E+07    0.211169937645675191E+03    0.254869432117072790E+03    0.210163239268661428E+00    0.781736087675598696E+02   -0.357740360572880656E+08
    0.209339560373428540E+06    0.345575191825990379E+07    0.213696944908703301E+03    0.253264131947198649E+03    0.256080825772843135E+00    0.596627814508308205E+02   -0.357740348127230108E+08
    0.209339560373428540E+06    0.345575191825990379E+07    0.213696944908703301E+03    0.253264131947198649E+03    0.256080825772843135E+00    0.596627814508308205E+02   -0.357740348127230108E+08
    0.209339560373428540E+06    0.345575191825990379E+07    0.213696944908703301E+03    0.253264131947198649E+03    0.256080825772843135E+00    0.596627814508308205E+02   -0.357740348127230108E+08
    0.208923701311470009E+06    0.345575192114417301E+07    0.214691411288727153E+03    0.252780818170743771E+03    0.274162219025177012E+00    0.485432195125822474E+02   -0.357740360321776569E+08
    0.211126955547850230E+06    0.345575191704253666E+07    0.215230061163385187E+03    0.251726768568525699E+03    0.269006425243509373E+00    0.433813271022967726E+02   -0.357740359771742672E+08
    0.208984235581952351E+06    0.345575191530839726E+07    0.209810243639658438E+03    0.256466005448654926E+03    0.218446642839890959E+00    0.614483155782084509E+02   -0.357740356591151357E+08
    0.209960221401243092E+06    0.345575191246943409E+07    0.213712825762757916E+03    0.253442367348358800E+03    0.348141946040684602E+00    0.592508307655370956E+02   -0.357740359933700934E+08
    0.211224633645232243E+06    0.345575191383785149E+07    0.212146897087770839E+03    0.254051634010269709E+03    0.282166181222743062E+00    0.704332871375848981E+02   -0.357740358576584086E+08
    0.208935202322639612E+06    0.345575191181706451E+07    0.212606497833069852E+03    0.253850565068894753E+03    0.240462775967241388E+00    0.611832315807309328E+02   -0.357740352826072723E+08
    0.210751325688849174E+06    0.345575191318728030E+07    0.213673657559098444E+03    0.254389134590781197E+03    0.291363205295474270E+00    0.604730288327224912E+02   -0.357740351529436558E+08
    0.210751325688849174E+06    0.345575191318728030E+07    0.213673657559098444E+03    0.254389134590781197E+03    0.291363205295474270E+00    0.604730288327224912E+02   -0.357740351529436558E+08
    0.211101419209021231E+06    0.345575191700334195E+07    0.212113546697735018E+03    0.255093081594907574E+03    0.217197197847318946E+00    0.739013951476120781E+02   -0.357740357210704535E+08
    0.209562670683874923E+06    0.345575192167027481E+07    0.214865810156389443E+03    0.251731752550235228E+03    0.220360481173041661E+00    0.795229158513580927E+02   -0.357740360271764100E+08
    0.208552904865818506E+06    0.345575191567645222E+07    0.211961252694748083E+03    0.254397444428033282E+03    0.255329356047760747E+00    0.655696481618411156E+02   -0.357740351588022560E+08
    0.208552904865818506E+06    0.345575191567645222E+07    0.211961252694748083E+03    0.254397444428033282E+03    0.255329356047760747E+00    0.655696481618411156E+02   -0.357740351588022560E+08
    0.211477507596257812E+06    0.345575191341932490E+07    0.214410471507012005E+03    0.254634085853474915E+03    0.283964193800700815E+00    0.597401522696342511E+02   -0.357740359859780744E+08
    0.210042478764035215E+06    0.345575191242324095E+07    0.210476384190611668E+03    0.256266646386613843E+03    0.285178764766007675E+00    0.699311631997455123E+02   -0.357740355353799313E+08
    0.210009677381659305E+06    0.345575191522293445E+07    0.213599580875960953E+03    0.252804189324447833E+03    0.332858231748438982E+00    0.656066631623595953E+02   -0.357740357065814957E+08
    0.210079347793765162E+06    0.345575191281330446E+07    0.211980896558093320E+03    0.254494511295440873E+03    0.198093742496881220E+00    0.586817240112203891E+02   -0.357740350982786715E+08
    0.209835233621916617E+06    0.345575191655844031E+07    0.215302685124304645E+03    0.250220003887016304E+03    0.243642251819922023E+00    0.570856705671688900E+02   -0.357740359508371130E+08
    0.209702144174157467E+06    0.345575191214410216E+07    0.212723951280786025E+03    0.254220981000715540E+03    0.211848967638226277E+00    0.775870622712921119E+02   -0.357740355394336432E+08
    0.211384008015511499E+06    0.345575191967392713E+07    0.213310962017996246E+03    0.252752294636654909E+03    0.229408269517160923E+00    0.717546060536184171E+02   -0.357740357677691132E+08
    0.211342403534926823E+06    0.345575191829057224E+07    0.214924029905346401E+03    0.252093918808953276E+03    0.262016945128846213E+00    0.668847221000368251E+02   -0.357740353984104767E+08
    0.211342403534926823E+06    0.345575191829057224E+07    0.214924029905346401E+03    0.252093918808953276E+03    0.262016945128846213E+00    0.668847221000368251E+02   -0.357740353984104767E+08
    0.208827629037050385E+06    0.345575191421142872E+07    0.213880534451002461E+03    0.253894336306768196E+03    0.297178434639069289E+00    0.674716366484351511E+02   -0.357740357538898885E+08
    0.209801091137724579E+06    0.345575191538521182E+07    0.209745835714318844E+03    0.255914566031861227E+03    0.240883669182298477E+00    0.606801558020686116E+02   -0.357740357079711780E+08
    0.210980156073066493E+06    0.345575191403671307E+07    0.210812444232783605E+03    0.255361255933150773E+03    0.284908187569136384E+00    0.667060057266433688E+02   -0.357740358650655299E+08
    0.209498002524494892E+06    0.345575191354817664E+07    0.210017137811934873E+03    0.255101595903353541E+03    0.266548269932059767E+00    0.641154704887661637E+02   -0.357740359552367926E+08
    0.209405427082667506E+06    0.345575191613506991E+07    0.210248880868195727E+03    0.256761214505459179E+03    0.234252966807040219E+00    0.449282642853017009E+02   -0.357740359838937744E+08
    0.210906161555287021E+06    0.345575191905175662E+07    0.211623457193004413E+03    0.254627364205572320E+03    0.192765254911366535E+00    0.521006673035751007E+02   -0.357740358872988746E+08
    0.211453470353365090E+06    0.345575192272751778E+07    0.213520952579369691E+03    0.252218958623543841E+03    0.261371547811222182E+00    0.645088061450779264E+02   -0.357740358814733326E+08
    0.209266065153356350E+06    0.345575191115179518E+07    0.212514127719486765E+03    0.253889521861232367E+03    0.219448676715909008E+00    0.573958933585051767E+02   -0.357740356220580563E+08
    0.209474156858346832E+06    0.345575192084628250E+07    0.214779819256816012E+03    0.251992140082482706E+03    0.211216629057858429E+00    0.584558670201428328E+02   -0.357740353162465692E+08
    0.209474156858346832E+06    0.345575192084628250E+07    0.214779819256816012E+03    0.251992140082482706E+03    0.211216629057858429E+00    0.584558670201428328E+02   -0.357740353162465692E+08
    0.210128411403167032E+06    0.345575192033703439E+07    0.214295624872397582E+03    0.252353241418443218E+03    0.226146796033122821E+00    0.616651024792101055E+02   -0.357740349239623845E+08
    0.210128411403167032E+06    0.345575192033703439E+07    0.214295624872397582E+03    0.252353241418443218E+03    0.226146796033122821E+00    0.616651024792101055E+02   -0.357740349239623845E+08
    0.209803578029128956E+06    0.345575191571899969E+07    0.210980890128702242E+03    0.253604878505494895E+03    0.230799653036911467E+00    0.582244390214842653E+02   -0.357740360507410988E+08
    0.208680472582291375E+06    0.345575191856154660E+07    0.211555646338743202E+03    0.254468711784077072E+03    0.217438508266128760E+00    0.457460781374345942E+02   -0.357740357185031027E+08
    0.211595283168942493E+06    0.345575191888456699E+07    0.212854863281309093E+03    0.253857163263833854E+03    0.194893008178159355E+00    0.599795427814025643E+02   -0.357740358659612164E+08
    0.209847808462493587E+06    0.345575192303053290E+07    0.213168346636537308E+03    0.252816214227759360E+03    0.235672114830175944E+00    0.506113658293234181E+02   -0.357740353832568899E+08
    0.210462287214632059E+06    0.345575191794877453E+07    0.211973587070353915E+03    0.253655730610749231E+03    0.185357135563806757E+00    0.640887863097361503E+02   -0.357740356880598962E+08
    0.208366171750993934E+06    0.345575191422836296E+07    0.209896532460742492E+03    0.256822174763419127E+03    0.207042748574435415E+00    0.615528573581281577E+02   -0.357740359667248651E+08
    0.209610575062152231E+06    0.345575191260397062E+07    0.214124465709603498E+03    0.252594892207537782E+03    0.224349932403425711E+00    0.415877489876792268E+02   -0.357740359282428771E+08
    0.209126685349695676E+06    0.345575191682524560E+07    0.212946743581055557E+03    0.253712740395067613E+03    0.165901504076531564E+00    0.642475682312280725E+02   -0.357740356965290233E+08
    0.209290789268266381E+06    0.345575191334932158E+07    0.214324665611764544E+03    0.253280592108137284E+03    0.275744049250578049E+00    0.512438963442359210E+02   -0.357740354502337053E+08
    0.209290789268266381E+06    0.345575191334932158E+07    0.214324665611764544E+03    0.253280592108137284E+03    0.275744049250578049E+00    0.512438963442359210E+02   -0.357740354502337053E+08
    0.210621537949491641E+06    0.345575191143576475E+07    0.211107647493680076E+03    0.256303841815380054E+03    0.244378106359482039E+00    0.535264766089661137E+02   -0.357740354201898947E+08
    0.209659087127094943E+06    0.345575191306742886E+07    0.212107562621263781E+03    0.255301592350371322E+03    0.264407563652873490E+00    0.521471855103014192E+02   -0.357740348509666771E+08
    0.209659087127094943E+06    0.345575191306742886E+07    0.212107562621263781E+03    0.255301592350371322E+03    0.264407563652873490E+00    0.521471855103014192E+02   -0.357740348509666771E+08
    0.210498578697029967E+06    0.345575191734132264E+07    0.213526897430651331E+03    0.252706606930492882E+03    0.204962356229168613E+00    0.415378070332887788E+02   -0.357740357047135681E+08
    0.209116354611252027E+06    0.345575191845737025E+07    0.211649767755870300E+03    0.254546518335059176E+03    0.261276816926382605E+00    0.683462282661513569E+02   -0.357740351698052511E+08
    0.209116354611252027E+06    0.345575191845737025E+07    0.211649767755870300E+03    0.254546518335059176E+03    0.261276816926382605E+00    0.683462282661513569E+02   -0.357740351698052511E+08
    0.210557610932855168E+06    0.345575191968211904E+07    0.212496586939011337E+03    0.252896534396897607E+03    0.293950189659202221E+00    0.541922434744490644E+02   -0.357740355714697167E+08
    0.210093257082739990E+06    0.345575191730781132E+07    0.212638909553346423E+03    0.254450762712837474E+03    0.218537632541916604E+00    0.708648230142643314E+02   -0.357740350614550039E+08
    0.210093257082739990E+06    0.345575191730781132E+07    0.212638909553346423E+03    0.254450762712837474E+03    0.218537632541916604E+00    0.708648230142643314E+02   -0.357740350614550039E+08
    0.209411371713203203E+06    0.345575192154174810E+07    0.212053158398153869E+03    0.253753956845490109E+03    0.282037125121277876E+00    0.535230473440064642E+02   -0.357740353896703497E+08
    0.208868799777774984E+06    0.345575191836771136E+07    0.213336717261672618E+03    0.253282795863385388E+03    0.219228252921411848E+00    0.545496275880130028E+02   -0.357740351512619406E+08
    0.208868799777774984E+06    0.345575191836771136E+07    0.213336717261672618E+03    0.253282795863385388E+03    0.219228252921411848E+00    0.545496275880130028E+02   -0.357740351512619406E+08
    0.210969431969021360E+06    0.345575192402771814E+07    0.214228255076505320E+03    0.251500017098666717E+03    0.278731945058244057E+00    0.609023230598211924E+02   -0.357740357331279367E+08
    0.208412765922849067E+06    0.345575191319603287E+07    0.211908548627221705E+03    0.255678353104347025E+03    0.210893235233982068E+00    0.455524119561610732E+02   -0.357740359598414898E+08
